=================================================
BRAZILIAN SOUTHERN EQUIVALENT SYSTEM - 2017-2025
=================================================
---------------------
BUS DATA 
---------------------
BUS NO.: Bus number
NG: Number of generating units
PGMAX: Maximum generation capacity [MW]
PGMIN: Minimum generation capacity [MW]
PGDESP: Generation dispatch [MW]
LOAD: Load [MW]
TP: Bus type
COST: Production cost [$/MWH]
FAILR: Failure rate [OCC./Y]
MTTR: Mean time to repair [H]

x---x xx x-----x x-----x x-------x x----x xx x---x x------x x-------x x
BUS   NG PGMAX   PGMIN   PGDESP    LOAD   TP COST  FAILR    MTTR
NO.      MW      MW      MW        MW        $/MWH OCC./Y   H 
x---x xx x-----x x-----x x-------x x----x xx x---x x------x x-------x x
04290 01  236.50  193.50  215.0000 000.00 02 21.00 06.00000 040.00000 1
06190 00  000.00  000.00  000.0000 044.00 01 00.00 00.00000 000.00000 1
06601 00  000.00  000.00  000.0000 160.00 01 00.00 00.00000 000.00000 1
06602 00  000.00  000.00  000.0000 046.00 01 00.00 00.00000 000.00000 1
06603 00  000.00  000.00  000.0000 078.00 01 00.00 00.00000 000.00000 1
06608 01  327.80  268.20  298.0000 000.00 02 16.00 06.00000 040.00000 1
06615 00  000.00  000.00  000.0000 207.00 01 00.00 00.00000 000.00000 1
06616 00  000.00  000.00  000.0000 211.00 01 00.00 00.00000 000.00000 1
06617 00  000.00  000.00  000.0000 204.00 01 00.00 00.00000 000.00000 1
06618 00  000.00  000.00  000.0000 181.00 01 00.00 00.00000 000.00000 1
06619 00  000.00  000.00  000.0000 150.00 01 00.00 00.00000 000.00000 1
06623 00  000.00  000.00  000.0000 026.00 01 00.00 00.00000 000.00000 1
06624 00  000.00  000.00  000.0000 266.00 01 00.00 00.00000 000.00000 1
06625 00  000.00  000.00  000.0000 000.00 01 00.00 00.00000 000.00000 1
06626 00  000.00  000.00  000.0000 000.00 01 00.00 00.00000 000.00000 1
06627 00  000.00  000.00  000.0000 145.00 01 00.00 00.00000 000.00000 1
06628 00  000.00  000.00  000.0000 196.00 01 00.00 00.00000 000.00000 1
06629 00  000.00  000.00  000.0000 014.00 01 00.00 00.00000 000.00000 1
06630 00  000.00  000.00  000.0000 000.00 01 00.00 00.00000 000.00000 1
06649 01 1619.20 1324.80 1472.0000 000.00 03 53.00 06.00000 040.00000 1
06651 00  000.00  000.00  000.0000 032.00 01 00.00 00.00000 000.00000 1
06652 00  000.00  000.00  000.0000 117.00 01 00.00 00.00000 000.00000 1
06653 00  000.00  000.00  000.0000 126.00 01 00.00 00.00000 000.00000 1
06662 01 1551.00 1269.00 1410.0000 000.00 02 01.00 06.00000 040.00000 1
06663 01  147.40  120.60  134.0000 000.00 02 29.00 06.00000 040.00000 1
06664 01  193.60  158.40  176.0000 000.00 02 24.00 06.00000 040.00000 1
06665 00  000.00  000.00  000.0000 181.00 01 00.00 00.00000 000.00000 1
06673 00  000.00  000.00  000.0000 000.00 01 00.00 00.00000 000.00000 1
06680 00  000.00  000.00  000.0000 228.00 01 00.00 00.00000 000.00000 1
06688 00  000.00  000.00  000.0000 255.00 01 00.00 00.00000 000.00000 1
06708 00  000.00  000.00  000.0000 174.00 01 00.00 00.00000 000.00000 1
06710 00  000.00  000.00  000.0000 000.00 01 00.00 00.00000 000.00000 1
06715 01  324.50  265.50  295.0000 000.00 02 17.00 06.00000 040.00000 1
06730 00  000.00  000.00  000.0000 073.00 01 00.00 00.00000 000.00000 1
06731 00  000.00  000.00  000.0000 102.00 01 00.00 00.00000 000.00000 1
06732 00  000.00  000.00  000.0000 124.00 01 00.00 00.00000 000.00000 1
06733 00  000.00  000.00  000.0000 139.00 01 00.00 00.00000 000.00000 1
06747 00  000.00  000.00  000.0000 013.00 01 00.00 00.00000 000.00000 1
06754 00  000.00  000.00  000.0000 267.00 01 00.00 00.00000 000.00000 1
06755 01 1157.20  946.80 1052.0000 000.00 02 06.00 06.00000 040.00000 1
06757 01 1167.10  954.90 1061.0000 000.00 02 05.00 06.00000 040.00000 1
06758 00  000.00  000.00  000.0000 000.00 01 00.00 00.00000 000.00000 1
06759 00  000.00  000.00  000.0000 003.00 01 00.00 00.00000 000.00000 1
06761 00  000.00  000.00  000.0000 171.00 01 00.00 00.00000 000.00000 1
06762 00  000.00  000.00  000.0000 121.00 01 00.00 00.00000 000.00000 1
06763 00  000.00  000.00  000.0000 032.00 01 00.00 00.00000 000.00000 1
06764 00  000.00  000.00  000.0000 170.00 01 00.00 00.00000 000.00000 1
06854 00  000.00  000.00  000.0000 173.00 01 00.00 00.00000 000.00000 1
07000 00  000.00  000.00  000.0000 220.00 01 00.00 00.00000 000.00000 1
07001 01  013.20  010.80  012.0000 023.00 02 52.00 06.00000 040.00000 1
07015 00  000.00  000.00  000.0000 000.00 01 00.00 00.00000 000.00000 1
07020 00  000.00  000.00  000.0000 000.00 01 00.00 00.00000 000.00000 1
07021 00  000.00  000.00  000.0000 020.00 01 00.00 00.00000 000.00000 1
07022 00  000.00  000.00  000.0000 043.00 01 00.00 00.00000 000.00000 1
07023 00  000.00  000.00  000.0000 050.00 01 00.00 00.00000 000.00000 1
07024 00  000.00  000.00  000.0000 039.00 01 00.00 00.00000 000.00000 1
07041 00  000.00  000.00  000.0000 110.00 01 00.00 00.00000 000.00000 1
07042 00  000.00  000.00  000.0000 000.00 01 00.00 00.00000 000.00000 1
07265 00  000.00  000.00  000.0000 013.00 01 00.00 00.00000 000.00000 1
07299 00  000.00  000.00  000.0000 000.00 01 00.00 00.00000 000.00000 1
07300 00  000.00  000.00  000.0000 000.00 01 00.00 00.00000 000.00000 1
07302 01  820.60  671.40  746.0000 000.00 02 09.00 06.00000 040.00000 1
07304 01  657.80  538.20  598.0000 000.00 02 13.00 06.00000 040.00000 1
07306 01  664.40  543.60  604.0000 000.00 02 12.00 06.00000 040.00000 1
07307 00  000.00  000.00  000.0000 208.20 01 00.00 00.00000 000.00000 1
07308 01  122.10  099.90  111.0000 000.00 02 33.00 06.00000 040.00000 1
07310 01  122.10  099.90  111.0000 000.00 02 34.00 06.00000 040.00000 1
07312 01  095.70  078.30  087.0000 000.00 02 38.00 06.00000 040.00000 1
07584 00  000.00  000.00  000.0000 010.00 01 00.00 00.00000 000.00000 1
07624 00  000.00  000.00  000.0000 022.00 01 00.00 00.00000 000.00000 1
07711 00  000.00  000.00  000.0000 000.00 01 00.00 00.00000 000.00000 1
07712 00  000.00  000.00  000.0000 000.00 01 00.00 00.00000 000.00000 1
07713 00  000.00  000.00  000.0000 000.00 01 00.00 00.00000 000.00000 1
07719 01 1071.40  876.60  974.0000 000.00 02 07.00 06.00000 040.00000 1
07722 00  000.00  000.00  000.0000 000.00 01 00.00 00.00000 000.00000 1
07723 00  000.00  000.00  000.0000 148.00 01 00.00 00.00000 000.00000 1
07724 01  024.20  019.80  022.0000 000.00 02 47.00 06.00000 040.00000 1
07725 00  000.00  000.00  000.0000 147.00 01 00.00 00.00000 000.00000 1
07731 00  000.00  000.00  000.0000 374.00 01 00.00 00.00000 000.00000 1
07732 00  000.00  000.00  000.0000 000.00 01 00.00 00.00000 000.00000 1
07733 00  000.00  000.00  000.0000 000.00 01 00.00 00.00000 000.00000 1
07734 00  000.00  000.00  000.0000 295.00 01 00.00 00.00000 000.00000 1
07736 00  000.00  000.00  000.0000 000.00 01 00.00 00.00000 000.00000 1
07739 00  000.00  000.00  000.0000 000.00 01 00.00 00.00000 000.00000 1
07740 00  000.00  000.00  000.0000 369.00 01 00.00 00.00000 000.00000 1
07741 00  000.00  000.00  000.0000 000.00 01 00.00 00.00000 000.00000 1
07743 00  000.00  000.00  000.0000 314.00 01 00.00 00.00000 000.00000 1
07744 00  000.00  000.00  000.0000 000.00 01 00.00 00.00000 000.00000 1
07745 00  000.00  000.00  000.0000 135.00 01 00.00 00.00000 000.00000 1
07747 00  000.00  000.00  000.0000 000.00 01 00.00 00.00000 000.00000 1
07748 00  000.00  000.00  000.0000 000.00 01 00.00 00.00000 000.00000 1
07749 01  018.70  015.30  017.0000 000.00 02 51.00 06.00000 040.00000 1
07750 00  000.00  000.00  000.0000 000.00 01 00.00 00.00000 000.00000 1
07751 00  000.00  000.00  000.0000 000.00 01 00.00 00.00000 000.00000 1
07752 00  000.00  000.00  000.0000 000.00 01 00.00 00.00000 000.00000 1
07753 01  187.00  153.00  170.0000 000.00 02 26.00 06.00000 040.00000 1
07755 00  000.00  000.00  000.0000 301.00 01 00.00 00.00000 000.00000 1
07757 01  094.60  077.40  086.0000 000.00 02 39.00 06.00000 040.00000 1
07758 00  000.00  000.00  000.0000 063.00 01 00.00 00.00000 000.00000 1
07759 00  000.00  000.00  000.0000 000.00 01 00.00 00.00000 000.00000 1
07760 00  000.00  000.00  000.0000 038.00 01 00.00 00.00000 000.00000 1
07762 01 1445.40 1182.60 1314.0000 000.00 02 02.00 06.00000 040.00000 1
07763 00  000.00  000.00  000.0000 082.50 01 00.00 00.00000 000.00000 1
07765 00  000.00  000.00  000.0000 000.00 01 00.00 00.00000 000.00000 1
07766 01 1315.60 1076.40 1196.0000 000.00 02 04.00 06.00000 040.00000 1
07770 00  000.00  000.00  000.0000 257.00 01 00.00 00.00000 000.00000 1
07771 00  000.00  000.00  000.0000 049.00 01 00.00 00.00000 000.00000 1
07776 00  000.00  000.00  000.0000 110.00 01 00.00 00.00000 000.00000 1
07778 00  000.00  000.00  000.0000 251.00 01 00.00 00.00000 000.00000 1
07779 00  000.00  000.00  000.0000 188.00 01 00.00 00.00000 000.00000 1
07780 00  000.00  000.00  000.0000 093.00 01 00.00 00.00000 000.00000 1
07781 01  033.00  027.00  030.0000 000.00 02 44.00 06.00000 040.00000 1
07782 00  000.00  000.00  000.0000 079.00 01 00.00 00.00000 000.00000 1
07785 00  000.00  000.00  000.0000 000.00 01 00.00 00.00000 000.00000 1
07790 00  000.00  000.00  000.0000 149.00 01 00.00 00.00000 000.00000 1
07794 00  000.00  000.00  000.0000 383.00 01 00.00 00.00000 000.00000 1
07800 00  000.00  000.00  000.0000 015.00 01 00.00 00.00000 000.00000 1
07802 01  258.50  211.50  235.0000 000.00 02 18.00 06.00000 040.00000 1
07808 00  000.00  000.00  000.0000 330.00 01 00.00 00.00000 000.00000 1
07812 01  189.20  154.80  172.0000 000.00 02 25.00 06.00000 040.00000 1
07820 01 1012.00  828.00  920.0000 000.00 02 08.00 06.00000 040.00000 1
07823 00  000.00  000.00  000.0000 000.00 01 00.00 00.00000 000.00000 1
07824 00  000.00  000.00  000.0000 230.00 01 00.00 00.00000 000.00000 1
07826 00  000.00  000.00  000.0000 288.00 01 00.00 00.00000 000.00000 1
07830 00  000.00  000.00  000.0000 164.00 01 00.00 00.00000 000.00000 1
07850 01  143.00  117.00  130.0000 000.00 02 30.00 06.00000 040.00000 1
07900 00  000.00  000.00  000.0000 193.00 01 00.00 00.00000 000.00000 1
07903 00  000.00  000.00  000.0000 188.00 01 00.00 00.00000 000.00000 1
07904 00  000.00  000.00  000.0000 046.00 01 00.00 00.00000 000.00000 1
07921 00  000.00  000.00  000.0000 000.00 01 00.00 00.00000 000.00000 1
07922 00  000.00  000.00  000.0000 000.00 01 00.00 00.00000 000.00000 1
07923 00  000.00  000.00  000.0000 147.00 01 00.00 00.00000 000.00000 1
07924 00  000.00  000.00  000.0000 084.00 01 00.00 00.00000 000.00000 1
07926 00  000.00  000.00  000.0000 000.00 01 00.00 00.00000 000.00000 1
07927 00  000.00  000.00  000.0000 000.00 01 00.00 00.00000 000.00000 1
07928 00  000.00  000.00  000.0000 000.00 01 00.00 00.00000 000.00000 1
07929 00  000.00  000.00  000.0000 000.00 01 00.00 00.00000 000.00000 1
07980 00  000.00  000.00  000.0000 177.00 01 00.00 00.00000 000.00000 1
07982 00  000.00  000.00  000.0000 121.00 01 00.00 00.00000 000.00000 1
07990 00  000.00  000.00  000.0000 130.00 01 00.00 00.00000 000.00000 1
08135 00  000.00  000.00  000.0000 052.00 01 00.00 00.00000 000.00000 1
08321 00  000.00  000.00  000.0000 038.00 01 00.00 00.00000 000.00000 1
08333 00  000.00  000.00  000.0000 021.00 01 00.00 00.00000 000.00000 1
08720 01  022.00  018.00  020.0000 000.00 02 49.00 06.00000 040.00000 1
08721 00  000.00  000.00  000.0000 000.00 01 00.00 00.00000 000.00000 1
08731 01  163.90  134.10  149.0000 000.00 02 27.00 06.00000 040.00000 1
08736 01  133.10  108.90  121.0000 000.00 02 31.00 06.00000 040.00000 1
08741 01  675.40  552.60  614.0000 000.00 02 11.00 06.00000 040.00000 1
08771 01  100.10  081.90  091.0000 000.00 02 37.00 06.00000 040.00000 1
08772 01  677.60  554.40  616.0000 000.00 02 10.00 06.00000 040.00000 1
08780 01  102.30  083.70  093.0000 000.00 02 36.00 06.00000 040.00000 1
08952 01 1342.00 1098.00 1220.0000 000.00 02 03.00 06.00000 040.00000 1
09002 00  000.00  000.00  000.0000 100.00 01 00.00 00.00000 000.00000 1
09010 00  000.00  000.00  000.0000 090.00 01 00.00 00.00000 000.00000 1
09015 00  000.00  000.00  000.0000 140.00 01 00.00 00.00000 000.00000 1
09020 00  000.00  000.00  000.0000 241.00 01 00.00 00.00000 000.00000 1
09030 00  000.00  000.00  000.0000 063.00 01 00.00 00.00000 000.00000 1
09040 00  000.00  000.00  000.0000 000.00 01 00.00 00.00000 000.00000 1
09045 00  000.00  000.00  000.0000 053.00 01 00.00 00.00000 000.00000 1
09050 00  000.00  000.00  000.0000 000.00 01 00.00 00.00000 000.00000 1
09051 00  000.00  000.00  000.0000 142.00 01 00.00 00.00000 000.00000 1
09060 00  000.00  000.00  000.0000 000.00 01 00.00 00.00000 000.00000 1
09062 00  000.00  000.00  000.0000 046.00 01 00.00 00.00000 000.00000 1
09065 00  000.00  000.00  000.0000 164.00 01 00.00 00.00000 000.00000 1
09066 00  000.00  000.00  000.0000 118.00 01 00.00 00.00000 000.00000 1
09090 01  117.70  096.30  107.0000 000.00 02 35.00 06.00000 040.00000 1
09095 00  000.00  000.00  000.0000 021.00 01 00.00 00.00000 000.00000 1
09097 00  000.00  000.00  000.0000 039.00 01 00.00 00.00000 000.00000 1
09098 01  216.70  177.30  197.0000 000.00 02 22.00 06.00000 040.00000 1
09100 01  027.90  022.86  025.4000 000.00 02 46.00 06.00000 040.00000 1
09110 00  000.00  000.00  000.0000 207.00 01 00.00 00.00000 000.00000 1
09120 00  000.00  000.00  000.0000 083.00 01 00.00 00.00000 000.00000 1
09130 00  000.00  000.00  000.0000 132.00 01 00.00 00.00000 000.00000 1
09140 01  464.20  379.80  422.0000 000.00 02 15.00 06.00000 040.00000 1
09165 00  000.00  000.00  000.0000 125.00 01 00.00 00.00000 000.00000 1
09170 00  000.00  000.00  000.0000 030.00 01 00.00 00.00000 000.00000 1
09180 00  000.00  000.00  000.0000 101.00 01 00.00 00.00000 000.00000 1
09184 00  000.00  000.00  000.0000 140.00 01 00.00 00.00000 000.00000 1
09188 01  029.70  024.30  027.0000 000.00 02 45.00 06.00000 040.00000 1
09192 01  023.10  018.90  021.0000 000.00 02 48.00 06.00000 040.00000 1
09195 01  020.90  017.10  019.0000 000.00 02 50.00 06.00000 040.00000 1
09204 00  000.00  000.00  000.0000 124.00 01 00.00 00.00000 000.00000 1
09206 00  000.00  000.00  000.0000 131.00 01 00.00 00.00000 000.00000 1
09208 00  000.00  000.00  000.0000 351.20 01 00.00 00.00000 000.00000 1
09209 00  000.00  000.00  000.0000 149.00 01 00.00 00.00000 000.00000 1
09210 00  000.00  000.00  000.0000 143.00 01 00.00 00.00000 000.00000 1
09213 00  000.00  000.00  000.0000 075.00 01 00.00 00.00000 000.00000 1
09230 00  000.00  000.00  000.0000 165.00 01 00.00 00.00000 000.00000 1
09233 01  077.00  063.00  070.0000 000.00 02 40.00 06.00000 040.00000 1
09245 00  000.00  000.00  000.0000 294.00 01 00.00 00.00000 000.00000 1
09250 01  156.20  127.80  142.0000 000.00 02 28.00 06.00000 040.00000 1
09261 00  000.00  000.00  000.0000 133.00 01 00.00 00.00000 000.00000 1
09264 00  000.00  000.00  000.0000 103.00 01 00.00 00.00000 000.00000 1
09265 00  000.00  000.00  000.0000 059.00 01 00.00 00.00000 000.00000 1
09272 00  000.00  000.00  000.0000 098.00 01 00.00 00.00000 000.00000 1
09276 00  000.00  000.00  000.0000 310.00 01 00.00 00.00000 000.00000 1
09280 00  000.00  000.00  000.0000 141.00 01 00.00 00.00000 000.00000 1
09283 00  000.00  000.00  000.0000 082.00 01 00.00 00.00000 000.00000 1
09286 00  000.00  000.00  000.0000 236.00 01 00.00 00.00000 000.00000 1
09290 00  000.00  000.00  000.0000 116.00 01 00.00 00.00000 000.00000 1
09304 00  000.00  000.00  000.0000 107.00 01 00.00 00.00000 000.00000 1
09306 00  000.00  000.00  000.0000 082.00 01 00.00 00.00000 000.00000 1
09310 00  000.00  000.00  000.0000 117.00 01 00.00 00.00000 000.00000 1
09314 00  000.00  000.00  000.0000 121.00 01 00.00 00.00000 000.00000 1
09330 00  000.00  000.00  000.0000 168.00 01 00.00 00.00000 000.00000 1
09340 00  000.00  000.00  000.0000 000.00 01 00.00 00.00000 000.00000 1
09345 00  000.00  000.00  000.0000 043.00 01 00.00 00.00000 000.00000 1
09350 00  000.00  000.00  000.0000 060.00 01 00.00 00.00000 000.00000 1
38853 01  061.60  050.40  056.0000 000.00 02 41.00 06.00000 040.00000 1
38857 01  246.40  201.60  224.0000 000.00 02 20.00 06.00000 040.00000 1
38858 01  050.60  041.40  046.0000 000.00 02 42.00 06.00000 040.00000 1
39841 01  249.70  204.30  227.0000 000.00 02 19.00 06.00000 040.00000 1
39850 00  000.00  000.00  000.0000 252.00 01 00.00 00.00000 000.00000 1
44651 00  000.00  000.00  000.0000 000.00 01 00.00 00.00000 000.00000 1
44652 00  000.00  000.00  000.0000 030.00 01 00.00 00.00000 000.00000 1
44653 00  000.00  000.00  000.0000 022.00 01 00.00 00.00000 000.00000 1
44655 00  000.00  000.00  000.0000 035.00 01 00.00 00.00000 000.00000 1
44841 00  000.00  000.00  000.0000 237.00 01 00.00 00.00000 000.00000 1
44900 00  000.00  000.00  000.0000 158.00 01 00.00 00.00000 000.00000 1
44914 01  129.80  106.20  118.0000 000.00 02 32.00 06.00000 040.00000 1
44920 00  000.00  000.00  000.0000 155.00 01 00.00 00.00000 000.00000 1
44925 00  000.00  000.00  000.0000 088.00 01 00.00 00.00000 000.00000 1
46851 00  000.00  000.00  000.0000 205.00 01 00.00 00.00000 000.00000 1
46942 00  000.00  000.00  000.0000 224.00 01 00.00 00.00000 000.00000 1
47120 01  036.30  029.70  033.0000 000.00 02 43.00 06.00000 040.00000 1
47121 00  000.00  000.00  000.0000 000.00 01 00.00 00.00000 000.00000 1
50211 01  204.60  167.40  186.0000 000.00 02 23.00 06.00000 040.00000 1
50212 00  000.00  000.00  000.0000 000.00 01 00.00 00.00000 000.00000 1
50213 00  000.00  000.00  000.0000 000.00 01 00.00 00.00000 000.00000 1
50214 00  000.00  000.00  000.0000 000.00 01 00.00 00.00000 000.00000 1
50215 01  497.20  406.80  452.0000 000.00 02 14.00 06.00000 040.00000 1
50216 00  000.00  000.00  000.0000 000.00 01 00.00 00.00000 000.00000 1
50220 00  000.00  000.00  000.0000 000.00 01 00.00 00.00000 000.00000 1
51001 00  000.00  000.00  000.0000 115.00 01 00.00 00.00000 000.00000 1
51002 00  000.00  000.00  000.0000 000.00 01 00.00 00.00000 000.00000 1
51003 00  000.00  000.00  000.0000 000.00 01 00.00 00.00000 000.00000 1
51004 00  000.00  000.00  000.0000 071.70 01 00.00 00.00000 000.00000 1
51020 00  000.00  000.00  000.0000 102.00 01 00.00 00.00000 000.00000 1
51457 00  000.00  000.00  000.0000 079.00 01 00.00 00.00000 000.00000 1
51693 00  000.00  000.00  000.0000 055.00 01 00.00 00.00000 000.00000 1
51703 00  000.00  000.00  000.0000 019.00 01 00.00 00.00000 000.00000 1
51704 00  000.00  000.00  000.0000 000.00 01 00.00 00.00000 000.00000 1
###

---------------------
CIRCUIT DATA 
---------------------
CIR ID: Circuit identifier
BUS FROM: Origin Bus
BUS TO: Destination Bus
N: Circuit number in branch
R: Resistance [PU]
X: Reactance [PU]
CAP: Circuit capacity [MW]
FAILR: Failure rate [OCC./Y]
MTTR: Mean time to repair [H]

x-x x---------x x x------x x------x x----x x------x x-------x
CIR BUS   BUS   N R        X        CAP    FAILR    MTTR
ID  FROM -TO      PU       PU       MW 	   OCC./Y   H
x-x x---------x x x------x x------x x----x x------x x-------x
001 06601-06603 1 0.004340 0.025300  390.0 00.50000 018.00000 
002 06601-07763 1 0.008530 0.044413  288.0 00.50000 018.00000 
003 06601-07776 1 0.021700 0.112290  237.0 00.50000 018.00000 
004 06603-07763 1 0.001410 0.008340  390.0 00.50000 018.00000 
005 06608-06625 1 0.010700 0.063900  392.0 00.50000 018.00000 
006 06608-44920 1 0.004580 0.032400  350.0 00.50000 018.00000 
007 06615-06617 1 0.002600 0.012600  382.0 00.50000 018.00000 
008 06615-06618 1 0.003400 0.016400  396.0 00.50000 018.00000 
009 06615-06664 1 0.003600 0.021800  385.0 00.50000 018.00000 
010 06615-44841 1 0.002000 0.009800  276.0 00.50000 018.00000 
011 06616-06619 1 0.007000 0.033800  298.0 00.50000 018.00000 
012 06616-06619 2 0.005500 0.033500  165.0 00.50000 018.00000 
013 06617-06619 1 0.001200 0.007400  385.0 00.50000 018.00000 
014 06617-07001 1 0.000908 0.003538  420.0 00.00000 001.00000 
015 06619-06664 1 0.000700 0.003900  386.0 00.50000 018.00000 
016 06619-06673 1 0.000200 0.000900  220.0 00.00000 001.00000 
017 06619-06762 1 0.003800 0.018800  298.0 00.50000 018.00000 
018 06619-07739 1 0.000110 0.000100  684.0 00.50000 018.00000 
019 06619-07739 2 0.000110 0.000100  684.0 00.50000 018.00000 
020 06619-07739 3 0.000110 0.000100  684.0 00.50000 018.00000 
021 06624-06625 1 0.002010 0.010310  350.0 00.50000 018.00000 
022 06624-06625 2 0.001700 0.010300  357.0 00.50000 018.00000 
023 06624-06625 3 0.002200 0.010900  357.0 00.50000 018.00000 
024 06624-07820 1 0.012200 0.076900  323.0 00.50000 018.00000 
025 06624-44925 1 0.010000 0.060000  284.0 00.50000 018.00000 
026 06625-44925 1 0.009200 0.057500  383.0 00.50000 018.00000 
027 06626-06755 1 0.000500 0.007300 1636.0 00.30000 020.00000 
028 06626-07760 1 0.002040 0.024590 2401.0 00.30000 020.00000 
029 06627-06615 1 0.002700 0.016100  328.0 00.50000 018.00000 
030 06627-06615 2 0.002700 0.016100  328.0 00.50000 018.00000 
031 06627-06615 3 0.003400 0.017000  325.0 00.50000 018.00000 
032 06627-06618 1 0.006100 0.032500  243.0 00.50000 018.00000 
033 06627-06688 1 0.020800 0.125800  335.0 00.50000 018.00000 
034 06627-06733 1 0.016000 0.080700  175.0 00.50000 018.00000 
035 06627-44655 1 0.006720 0.034130  300.0 00.50000 018.00000 
036 06630-06626 1 0.000813 0.013614 3096.0 00.30000 020.00000 
037 06630-06665 1 0.000001 0.015000  672.0 00.02000 150.00000 
038 06630-06665 2 0.000001 0.015000  672.0 00.02000 150.00000 
039 06649-06626 1 0.000685 0.012940 3455.0 00.30000 020.00000 
040 06649-06626 2 0.000685 0.012940 3455.0 00.30000 020.00000 
041 06651-06688 1 0.015900 0.080900  350.0 00.50000 018.00000 
042 06651-06688 2 0.015900 0.080900  350.0 00.50000 018.00000 
043 06651-07042 1 0.014420 0.080490  160.0 00.50000 018.00000 
044 06653-06624 1 0.011300 0.069900  323.0 00.50000 018.00000 
045 06653-07820 1 0.001500 0.008900  323.0 00.50000 018.00000 
046 06653-07820 2 0.001500 0.008900  323.0 00.50000 018.00000 
047 06653-44920 1 0.007650 0.047950  323.0 00.50000 018.00000 
048 06662-07748 1 0.000100 0.001240 2182.0 00.00000 001.00000 
049 06662-07748 2 0.000100 0.001270 2182.0 00.00000 001.00000 
050 06663-06731 1 0.013400 0.066900  164.0 00.50000 018.00000 
051 06664-06629 1 0.000800 0.004700  386.0 00.00000 001.00000 
052 06664-06747 1 0.000200 0.001300  315.0 00.50000 018.00000 
053 06665-07757 1 0.026290 0.192660  338.0 00.50000 018.00000 
054 06673-06759 1 0.002200 0.013300  119.0 00.00000 001.00000 
055 06673-44651 1 0.000800 0.004700  220.0 00.00000 001.00000 
056 06680-07763 1 0.003100 0.018200  350.0 00.00000 001.00000 
057 06680-07763 2 0.003100 0.018200  350.0 00.00000 001.00000 
058 06708-06754 1 0.003600 0.018400  182.0 00.50000 018.00000 
059 06708-06754 2 0.003600 0.018200  237.0 00.50000 018.00000 
060 06708-07776 1 0.015140 0.078360  237.0 00.50000 018.00000 
061 06715-06651 1 0.004400 0.035600  261.0 00.50000 018.00000 
062 06715-06688 1 0.011000 0.088900  280.0 00.50000 018.00000 
063 06715-07042 1 0.003630 0.026540  350.0 00.50000 018.00000 
064 06715-07042 2 0.003630 0.026540  350.0 00.50000 018.00000 
065 06730-07826 1 0.012440 0.077100  417.0 00.50000 018.00000 
066 06732-06733 1 0.004200 0.021200  175.0 00.50000 018.00000 
067 06747-06761 1 0.004600 0.027000  315.0 00.50000 018.00000 
068 06754-06601 1 0.007800 0.039800  182.0 00.50000 018.00000 
069 06754-06601 2 0.007800 0.039800  182.0 00.50000 018.00000 
070 06754-07763 1 0.014400 0.072700  237.0 00.50000 018.00000 
071 06757-06758 1 0.000001 0.000200  363.0 00.00000 001.00000 
072 06757-06758 2 0.000001 0.000200  363.0 00.00000 001.00000 
073 06757-06758 3 0.000001 0.000200  363.0 00.00000 001.00000 
074 06757-06758 4 0.000001 0.000200  363.0 00.00000 001.00000 
075 06761-06616 1 0.002300 0.011000  298.0 00.50000 018.00000 
076 06762-06761 1 0.003500 0.016800  299.0 00.50000 018.00000 
077 06763-07265 1 0.000100 0.000400  103.0 00.00000 001.00000 
078 06763-07739 1 0.022100 0.114750  259.0 00.50000 018.00000 
079 06763-07749 1 0.024740 0.126240  359.0 00.50000 018.00000 
080 06763-07778 1 0.009770 0.047080  259.0 00.00000 001.00000 
081 06763-07778 2 0.009770 0.047080  240.0 00.00000 001.00000 
082 06764-06618 1 0.005300 0.026700  182.0 00.50000 018.00000 
083 06764-06663 1 0.010500 0.053600  182.0 00.50000 018.00000 
084 06854-06616 1 0.000373 0.002853  335.0 00.00000 001.00000 
085 06854-06616 2 0.000373 0.002853  335.0 00.00000 001.00000 
086 07000-06665 1 0.007600 0.064800  699.0 00.50000 018.00000 
087 07000-44914 1 0.008127 0.048769  318.0 00.50000 018.00000 
088 07020-06732 1 0.004400 0.022800  259.0 00.50000 018.00000 
089 07020-06732 2 0.005200 0.028200  333.0 00.50000 018.00000 
090 07020-07022 1 0.009300 0.055700  408.0 00.50000 018.00000 
091 07020-07023 1 0.017000 0.091700  333.0 00.50000 018.00000 
092 07021-07022 1 0.017200 0.089100  259.0 00.50000 018.00000 
093 07042-07023 1 0.021200 0.114300  333.0 00.50000 018.00000 
094 07042-07041 1 0.003060 0.022380  350.0 00.00000 001.00000 
095 07299-06616 1 0.003500 0.017100  164.0 00.50000 018.00000 
096 07299-06731 1 0.009900 0.049100  164.0 00.50000 018.00000 
097 07299-06761 1 0.000800 0.004600  342.0 00.50000 018.00000 
098 07299-06764 1 0.004600 0.027400  342.0 00.50000 018.00000 
099 07300-07711 1 0.001366 0.017236 2214.0 00.30000 020.00000 
100 07302-07723 1 0.000600 0.006370  590.0 00.00000 001.00000 
101 07302-07723 2 0.000600 0.006370  590.0 00.00000 001.00000 
102 07304-07723 1 0.003780 0.024080  715.0 00.50000 018.00000 
103 07304-07747 1 0.005430 0.037310  350.0 00.50000 018.00000 
104 07304-07747 2 0.005430 0.037310  350.0 00.50000 018.00000 
105 07304-09180 1 0.006710 0.052580  350.0 00.50000 018.00000 
106 07306-07826 1 0.006490 0.047990  395.0 00.50000 018.00000 
107 07306-07826 2 0.006490 0.047990  395.0 00.50000 018.00000 
108 07306-09130 1 0.010660 0.067290  260.0 00.50000 018.00000 
109 07306-46851 1 0.006388 0.037391  284.0 00.00000 001.00000 
110 07306-46851 2 0.006388 0.037391  284.0 00.00000 001.00000 
111 07307-07782 1 0.005590 0.030400  232.0 00.50000 018.00000 
112 07307-07782 2 0.005590 0.030400  232.0 00.50000 018.00000 
113 07307-09195 1 0.006290 0.031680  160.0 00.50000 018.00000 
114 07307-09195 2 0.006285 0.031680  160.0 00.50000 018.00000 
115 07308-07307 1 0.000210 0.000950  270.0 00.00000 001.00000 
116 07310-07307 1 0.001690 0.007600  270.0 00.00000 001.00000 
117 07312-07307 1 0.003700 0.016630  270.0 00.00000 001.00000 
118 07711-07713 1 0.000654 0.008249 2214.0 00.30000 020.00000 
119 07711-07732 1 0.001457 0.018388 2214.0 00.30000 020.00000 
120 07711-07733 1 0.000544 0.006867 2214.0 00.30000 020.00000 
121 07719-07722 1 0.000730 0.009170 2363.0 00.30000 020.00000 
122 07719-07736 1 0.000470 0.005860 2363.0 00.30000 020.00000 
123 07719-07736 2 0.000350 0.005900 2187.0 00.30000 020.00000 
124 07722-07752 1 0.002890 0.036480 2282.0 00.30000 020.00000 
125 07722-07752 2 0.002890 0.036480 2108.0 00.30000 020.00000 
126 07722-07766 1 0.001720 0.023480 2363.0 00.30000 020.00000 
127 07722-07766 2 0.001720 0.021700 2362.0 00.30000 020.00000 
128 07722-08952 1 0.000001 0.000500 2350.0 00.00000 001.00000 
129 07722-08952 2 0.000001 0.000500 2350.0 00.00000 001.00000 
130 07723-07779 1 0.014190 0.067200  350.0 00.00000 001.00000 
131 07723-07779 2 0.014190 0.067200  350.0 00.00000 001.00000 
132 07724-07758 1 0.016920 0.132780  212.0 00.00000 001.00000 
133 07725-07790 1 0.011870 0.089660  350.0 00.50000 018.00000 
134 07725-07790 2 0.011870 0.089660  350.0 00.50000 018.00000 
135 07732-06628 1 0.000400 0.003850 2363.0 00.30000 020.00000 
136 07732-06628 2 0.000450 0.004370 2189.0 00.30000 020.00000 
137 07732-07300 1 0.000310 0.004100 2189.0 00.30000 020.00000 
138 07732-07748 1 0.002000 0.026930 2363.0 00.30000 020.00000 
139 07733-07713 1 0.000147 0.002570 2655.0 00.30000 020.00000 
140 07733-07713 2 0.000192 0.002419 2214.0 00.30000 020.00000 
141 07733-07736 1 0.002550 0.029220 2036.0 00.30000 020.00000 
142 07734-07731 1 0.006000 0.028440  350.0 00.50000 018.00000 
143 07734-07731 2 0.006010 0.028410  350.0 00.50000 018.00000 
144 07734-07731 3 0.006010 0.028410  350.0 00.50000 018.00000 
145 07734-07990 1 0.015876 0.069392  243.0 00.50000 018.00000 
146 07734-07990 2 0.015876 0.069392  243.0 00.50000 018.00000 
147 07734-46942 1 0.002450 0.012670  243.0 00.50000 018.00000 
148 07734-46942 2 0.002900 0.015400  243.0 00.50000 018.00000 
149 07736-07744 1 0.000310 0.005090 2654.0 00.30000 020.00000 
150 07736-07744 2 0.000310 0.005090 2654.0 00.30000 020.00000 
151 07736-07748 1 0.001620 0.020480 2363.0 00.30000 020.00000 
152 07736-07752 1 0.001640 0.027690 2655.0 00.30000 020.00000 
153 07739-07794 1 0.018940 0.097740  350.0 00.50000 018.00000 
154 07739-07982 1 0.017296 0.088412  350.0 00.50000 018.00000 
155 07739-07982 2 0.017296 0.088412  350.0 00.50000 018.00000 
156 07740-07808 1 0.002350 0.013270  328.0 00.50000 018.00000 
157 07740-07745 1 0.005370 0.034490  311.0 00.00000 001.00000 
158 07740-07926 1 0.001327 0.008732  327.0 00.50000 018.00000 
159 07740-07928 1 0.001327 0.008732  327.0 00.50000 018.00000 
160 07741-07713 1 0.000577 0.010094 2655.0 00.30000 020.00000 
161 07743-07823 1 0.005240 0.027040  300.0 00.50000 018.00000 
162 07743-07824 1 0.005330 0.027440  300.0 00.50000 018.00000 
163 07743-51693 1 0.011900 0.066150  354.0 00.50000 018.00000 
164 07744-07741 1 0.001479 0.024259 2654.0 00.30000 020.00000 
165 07744-07759 1 0.001600 0.026800 3096.0 00.30000 020.00000 
166 07744-07759 2 0.001600 0.026800 3096.0 00.30000 020.00000 
167 07747-07725 1 0.010970 0.075420  350.0 00.50000 018.00000 
168 07747-07725 2 0.010970 0.075420  350.0 00.50000 018.00000 
169 07747-07744 1 0.000001 0.014880  672.0 00.02000 150.00000 
170 07747-07744 2 0.000001 0.014880  672.0 00.02000 150.00000 
171 07748-06628 1 0.002120 0.025560 2363.0 00.30000 020.00000 
172 07748-06758 1 0.000520 0.006540 2363.0 00.30000 020.00000 
173 07748-07760 1 0.001590 0.020120 2162.0 00.30000 020.00000 
174 07749-07021 1 0.019300 0.099900  259.0 00.50000 018.00000 
175 07749-07820 1 0.030450 0.157380  259.0 00.50000 018.00000 
176 07749-07820 2 0.030410 0.157180  259.0 00.50000 018.00000 
177 07750-50212 1 0.000640 0.008050 3921.0 00.30000 020.00000 
178 07750-50213 1 0.001060 0.013340 3921.0 00.30000 020.00000 
179 07751-07722 1 0.001640 0.030340 2937.0 00.30000 020.00000 
180 07751-07736 1 0.001880 0.023250 2120.0 00.30000 020.00000 
181 07751-07750 1 0.000730 0.009160 2120.0 00.30000 020.00000 
182 07752-07750 1 0.000270 0.003430 2120.0 00.30000 020.00000 
183 07755-38857 1 0.011400 0.097300  669.0 00.50000 018.00000 
184 07755-38857 2 0.011400 0.097300  669.0 00.50000 018.00000 
185 07755-39850 1 0.003000 0.025700  669.0 00.50000 018.00000 
186 07757-07724 1 0.008440 0.066180  212.0 00.00000 001.00000 
187 07759-07823 1 0.000001 0.015000  672.0 00.02000 150.00000 
188 07759-07823 2 0.000001 0.015000  672.0 00.02000 150.00000 
189 07759-07823 3 0.000001 0.015000  672.0 00.02000 150.00000 
190 07760-07762 1 0.000860 0.014550 2546.0 00.30000 020.00000 
191 07760-07762 2 0.000860 0.014550 2546.0 00.30000 020.00000 
192 07760-07766 1 0.001540 0.019400 2162.0 00.30000 020.00000 
193 07760-07766 2 0.001140 0.020200 3184.0 00.30000 020.00000 
194 07763-06651 1 0.018957 0.098696  288.0 00.50000 018.00000 
195 07763-06651 2 0.017400 0.086900  288.0 00.50000 018.00000 
196 07763-06651 3 0.017400 0.086900  288.0 00.50000 018.00000 
197 07763-06708 1 0.015690 0.081420  238.0 00.50000 018.00000 
198 07765-07722 1 0.002000 0.027600 1227.0 00.30000 020.00000 
199 07765-07722 2 0.002452 0.029728 1227.0 00.30000 020.00000 
200 07766-06755 1 0.000760 0.011710 1636.0 00.30000 020.00000 
201 07766-06758 1 0.000560 0.006970 2363.0 00.30000 020.00000 
202 07770-07982 1 0.001880 0.009610  350.0 00.50000 018.00000 
203 07770-07982 2 0.001880 0.009610  350.0 00.50000 018.00000 
204 07771-07757 1 0.003960 0.033660  669.0 00.50000 018.00000 
205 07771-38858 1 0.009340 0.079320  669.0 00.50000 018.00000 
206 07776-07820 1 0.050520 0.177740  350.0 00.50000 018.00000 
207 07776-07820 2 0.046680 0.177800  350.0 00.50000 018.00000 
208 07780-09276 1 0.016700 0.062000  179.0 00.50000 018.00000 
209 07781-08780 1 0.004060 0.020980  213.0 00.00000 001.00000 
210 07782-09065 1 0.003380 0.017460  232.0 00.50000 018.00000 
211 07782-09276 1 0.017000 0.063000  179.0 00.50000 018.00000 
212 07785-07743 1 0.021230 0.109550  232.0 00.50000 018.00000 
213 07785-07781 1 0.000940 0.004850  232.0 00.50000 018.00000 
214 07794-06190 1 0.008360 0.041430  309.0 00.00000 001.00000 
215 07794-06190 2 0.008360 0.041430  309.0 00.00000 001.00000 
216 07800-07802 1 0.000140 0.000740  430.0 00.00000 001.00000 
217 07800-07802 2 0.000140 0.000740  268.0 00.00000 001.00000 
218 07802-07740 1 0.023060 0.119230  243.0 00.50000 018.00000 
219 07802-07808 1 0.023140 0.118820  243.0 00.50000 018.00000 
220 07802-07824 1 0.009390 0.048400  243.0 00.50000 018.00000 
221 07802-07824 2 0.009010 0.046310  243.0 00.50000 018.00000 
222 07812-07826 1 0.015050 0.077760  259.0 00.50000 018.00000 
223 07812-07826 2 0.015030 0.077660  259.0 00.50000 018.00000 
224 07812-08321 1 0.025840 0.130900  160.0 00.50000 018.00000 
225 07812-08321 2 0.025840 0.130900  160.0 00.50000 018.00000 
226 07820-06730 1 0.013270 0.083550  417.0 00.50000 018.00000 
227 07820-07826 1 0.024930 0.157400  417.0 00.50000 018.00000 
228 07824-07823 1 0.000190 0.000970  547.0 00.50000 018.00000 
229 07824-07823 2 0.000190 0.000970  547.0 00.50000 018.00000 
230 07824-07823 3 0.000190 0.000970  547.0 00.50000 018.00000 
231 07830-07802 1 0.003447 0.023623  300.0 00.50000 018.00000 
232 07830-07824 1 0.005085 0.034842  300.0 00.50000 018.00000 
233 07850-09170 1 0.002380 0.011600  518.0 00.50000 018.00000 
234 07904-07790 1 0.006486 0.050913  350.0 00.50000 018.00000 
235 07904-07790 2 0.006486 0.050913  350.0 00.50000 018.00000 
236 07921-09020 1 0.004000 0.020900  290.0 00.50000 018.00000 
237 07921-09020 2 0.004000 0.021400  290.0 00.50000 018.00000 
238 07921-09020 3 0.004200 0.022700  225.0 00.50000 018.00000 
239 07921-09165 1 0.016700 0.091600  225.0 00.50000 018.00000 
240 07921-09209 1 0.002800 0.013500  470.0 00.50000 018.00000 
241 07921-09245 1 0.001000 0.005300  540.0 00.50000 018.00000 
242 07921-09276 1 0.003930 0.021730  359.0 00.50000 018.00000 
243 07921-09276 2 0.003930 0.021730  359.0 00.50000 018.00000 
244 07921-51457 1 0.012461 0.084279  494.0 00.50000 018.00000 
245 07922-09188 1 0.014400 0.072400  340.0 00.50000 018.00000 
246 07922-09265 1 0.000500 0.004000  335.0 00.50000 018.00000 
247 07922-09265 2 0.000500 0.004000  335.0 00.50000 018.00000 
248 07922-09304 1 0.009500 0.047700  329.0 00.50000 018.00000 
249 07922-09304 2 0.008040 0.043830  359.0 00.50000 018.00000 
250 07924-07923 1 0.019510 0.095650  260.0 00.50000 018.00000 
251 07924-08333 1 0.001800 0.009200  329.0 00.00000 001.00000 
252 07924-09095 1 0.005540 0.027660  270.0 00.50000 018.00000 
253 07926-07927 1 0.000799 0.002142  311.0 00.50000 018.00000 
254 07927-07900 1 0.001179 0.007760  327.0 00.50000 018.00000 
255 07928-07929 1 0.000799 0.002142  311.0 00.50000 018.00000 
256 07929-07900 1 0.001179 0.007760  327.0 00.50000 018.00000 
257 07980-07770 1 0.005640 0.028830  350.0 00.50000 018.00000 
258 07980-07770 2 0.005640 0.028830  350.0 00.50000 018.00000 
259 07990-07980 1 0.013686 0.059795  243.0 00.50000 018.00000 
260 07990-07980 2 0.013686 0.059795  243.0 00.50000 018.00000 
261 08135-09314 1 0.006979 0.039008  365.0 00.50000 018.00000 
262 08321-09195 1 0.011480 0.058180  160.0 00.50000 018.00000 
263 08321-09195 2 0.011480 0.058180  160.0 00.50000 018.00000 
264 08720-07765 1 0.001200 0.015800 1227.0 00.30000 020.00000 
265 08721-07765 1 0.001447 0.017364 1227.0 00.30000 020.00000 
266 08721-08720 1 0.000001 0.000100 9999.0 00.30000 020.00000 
267 08731-07747 1 0.002360 0.011770  243.0 00.00000 001.00000 
268 08736-07747 1 0.003940 0.019620  243.0 00.00000 001.00000 
269 08741-07722 1 0.004940 0.023500  800.0 00.00000 001.00000 
270 08771-08772 1 0.000339 0.005980 3305.0 00.00000 001.00000 
271 08771-08772 2 0.000339 0.005980 3305.0 00.00000 001.00000 
272 09002-09170 1 0.024500 0.122400  270.0 00.50000 018.00000 
273 09002-09184 1 0.015800 0.079000  270.0 00.50000 018.00000 
274 09002-09306 1 0.017300 0.096300  290.0 00.50000 018.00000 
275 09002-09330 1 0.024200 0.121300  270.0 00.50000 018.00000 
276 09002-09340 1 0.024960 0.123660  270.0 00.50000 018.00000 
277 09002-09340 2 0.024960 0.123660  270.0 00.50000 018.00000 
278 09010-09040 1 0.006700 0.038080  290.0 00.50000 018.00000 
279 09010-09040 2 0.006700 0.038080  290.0 00.50000 018.00000 
280 09010-09170 1 0.028900 0.144400  270.0 00.50000 018.00000 
281 09015-09110 1 0.004500 0.023100  210.0 00.50000 018.00000 
282 09015-09110 2 0.004500 0.023100  210.0 00.50000 018.00000 
283 09015-09314 1 0.005490 0.025860  235.0 00.50000 018.00000 
284 09020-07584 1 0.002600 0.012900  270.0 00.00000 001.00000 
285 09020-07780 1 0.008300 0.043200  210.0 00.50000 018.00000 
286 09020-09045 1 0.002700 0.012600  270.0 00.50000 018.00000 
287 09020-09050 1 0.001300 0.007000  290.0 00.50000 018.00000 
288 09020-09051 1 0.002220 0.012280  290.0 00.50000 018.00000 
289 09020-09110 1 0.002100 0.011200  290.0 00.50000 018.00000 
290 09020-09110 2 0.002100 0.011200  290.0 00.50000 018.00000 
291 09020-09110 3 0.002100 0.011200  290.0 00.50000 018.00000 
292 09020-09209 1 0.002830 0.013200  270.0 00.50000 018.00000 
293 09020-09245 1 0.004100 0.022500  290.0 00.50000 018.00000 
294 09020-09345 1 0.025800 0.098300  179.0 00.50000 018.00000 
295 09030-09120 1 0.017100 0.085500  270.0 00.50000 018.00000 
296 09040-07753 1 0.000439 0.012499  672.0 00.02000 150.00000 
297 09040-07753 2 0.000439 0.012499  672.0 00.02000 150.00000 
298 09045-09209 1 0.000700 0.003000  270.0 00.50000 018.00000 
299 09050-09110 1 0.001920 0.010100  290.0 00.50000 018.00000 
300 09060-07782 1 0.000400 0.019400  210.0 00.50000 018.00000 
301 09060-07782 2 0.000400 0.019400  210.0 00.50000 018.00000 
302 09060-08135 1 0.003850 0.021521  365.0 00.50000 018.00000 
303 09060-09015 1 0.012700 0.059200  350.0 00.50000 018.00000 
304 09060-09015 2 0.012700 0.059200  350.0 00.50000 018.00000 
305 09060-09065 1 0.003850 0.021210  276.0 00.50000 018.00000 
306 09060-09066 1 0.003870 0.019360  365.0 00.50000 018.00000 
307 09062-07782 1 0.003900 0.021300  290.0 00.50000 018.00000 
308 09062-51704 1 0.000300 0.001700  365.0 00.50000 018.00000 
309 09065-07781 1 0.012470 0.064350  232.0 00.50000 018.00000 
310 09066-51704 1 0.000940 0.004220  365.0 00.50000 018.00000 
311 09090-09140 1 0.003900 0.021400  290.0 00.50000 018.00000 
312 09090-09140 2 0.003900 0.021400  365.0 00.50000 018.00000 
313 09090-09286 1 0.012000 0.066400  290.0 00.50000 018.00000 
314 09090-09286 2 0.011950 0.066430  290.0 00.50000 018.00000 
315 09095-09192 1 0.008900 0.044500  270.0 00.50000 018.00000 
316 09097-09209 1 0.004700 0.023000  270.0 00.50000 018.00000 
317 09100-07782 1 0.004000 0.020000  329.0 00.50000 018.00000 
318 09100-51020 1 0.008410 0.044900  265.0 00.50000 018.00000 
319 09110-07924 1 0.002244 0.012500  290.0 00.50000 018.00000 
320 09110-07924 2 0.002500 0.012500  290.0 00.50000 018.00000 
321 09110-09051 1 0.000430 0.002360  290.0 00.50000 018.00000 
322 09110-09206 1 0.005600 0.026000  210.0 00.50000 018.00000 
323 09110-09206 2 0.005200 0.026900  340.0 00.50000 018.00000 
324 09110-09208 1 0.003280 0.015420  270.0 00.50000 018.00000 
325 09110-09350 1 0.003860 0.017900  210.0 00.50000 018.00000 
326 09110-51002 1 0.006230 0.030320  336.0 00.50000 018.00000 
327 09120-09020 1 0.007390 0.036890  270.0 00.50000 018.00000 
328 09120-09097 1 0.002830 0.014100  270.0 00.50000 018.00000 
329 09120-51457 1 0.017614 0.087257  270.0 00.50000 018.00000 
330 09130-07812 1 0.022100 0.087500  179.0 00.50000 018.00000 
331 09130-09304 1 0.017700 0.088700  270.0 00.50000 018.00000 
332 09140-09245 1 0.033400 0.185600  290.0 00.50000 018.00000 
333 09140-09250 1 0.005100 0.028600  290.0 00.50000 018.00000 
334 09140-09280 1 0.021900 0.122600  290.0 00.50000 018.00000 
335 09140-09283 1 0.012310 0.068040  365.0 00.50000 018.00000 
336 09165-51020 1 0.001680 0.008980  265.0 00.50000 018.00000 
337 09184-09272 1 0.019200 0.096300  340.0 00.50000 018.00000 
338 09192-07923 1 0.006820 0.032900  260.0 00.50000 018.00000 
339 09195-51703 1 0.000004 0.000018   80.0 00.00000 001.00000 
340 09204-09206 1 0.001400 0.008600  336.0 00.50000 018.00000 
341 09204-09210 1 0.000400 0.002600  336.0 00.50000 018.00000 
342 09206-09213 1 0.001600 0.007800  270.0 00.50000 018.00000 
343 09208-09209 1 0.001160 0.005670  315.0 00.50000 018.00000 
344 09208-09209 2 0.001160 0.005670  315.0 00.50000 018.00000 
345 09209-09204 1 0.000066 0.004993  362.0 00.50000 018.00000 
346 09213-51001 1 0.002493 0.011575  319.0 00.50000 018.00000 
347 09230-09233 1 0.013700 0.116100  365.0 00.50000 018.00000 
348 09230-09261 1 0.008400 0.041800  270.0 00.50000 018.00000 
349 09233-09030 1 0.037400 0.187100  270.0 00.50000 018.00000 
350 09233-09040 1 0.000268 0.001793  540.0 00.50000 018.00000 
351 09233-09261 1 0.029200 0.145900  270.0 00.50000 018.00000 
352 09233-09280 1 0.040330 0.219660  265.0 00.50000 018.00000 
353 09245-07624 1 0.001200 0.006200  270.0 00.00000 001.00000 
354 09250-09165 1 0.024500 0.135400  225.0 00.50000 018.00000 
355 09250-09264 1 0.019840 0.100820  319.0 00.50000 018.00000 
356 09250-09310 1 0.014590 0.055540  250.0 00.50000 018.00000 
357 09250-09345 1 0.033700 0.125500  179.0 00.50000 018.00000 
358 09265-09264 1 0.008260 0.041980  319.0 00.50000 018.00000 
359 09272-09188 1 0.019200 0.096300  340.0 00.50000 018.00000 
360 09280-07780 1 0.017100 0.093100  290.0 00.50000 018.00000 
361 09283-07921 1 0.027290 0.150800  365.0 00.50000 018.00000 
362 09286-09265 1 0.017200 0.083900  817.0 00.50000 018.00000 
363 09286-09306 1 0.013800 0.076600  290.0 00.50000 018.00000 
364 09286-50211 1 0.023000 0.112000  817.0 00.50000 018.00000 
365 09290-07812 1 0.018300 0.091500  210.0 00.50000 018.00000 
366 09290-09180 1 0.016880 0.088640  239.0 00.50000 018.00000 
367 09290-09310 1 0.015500 0.059100  179.0 00.50000 018.00000 
368 09314-09192 1 0.009800 0.055100  365.0 00.50000 018.00000 
369 09340-09184 1 0.012637 0.102690  441.0 00.50000 018.00000 
370 09340-09330 1 0.000850 0.004770  354.0 00.50000 018.00000 
371 09350-09206 1 0.001610 0.008350  340.0 00.50000 018.00000 
372 38853-39841 1 0.003610 0.029980  669.0 00.50000 018.00000 
373 38853-39841 2 0.003610 0.029980  669.0 00.50000 018.00000 
374 38857-04290 1 0.010800 0.091500  699.0 00.50000 018.00000 
375 38857-04290 2 0.010960 0.093100  669.0 00.50000 018.00000 
376 38858-04290 1 0.005200 0.044000  699.0 00.50000 018.00000 
377 39841-39850 1 0.019610 0.162700  669.0 00.50000 018.00000 
378 39841-39850 2 0.019610 0.162700  669.0 00.50000 018.00000 
379 44651-44652 1 0.000100 0.000200  220.0 00.00000 001.00000 
380 44651-44653 1 0.000100 0.000100  220.0 00.00000 001.00000 
381 44655-06618 1 0.003690 0.018450  298.0 00.50000 018.00000 
382 44655-06623 1 0.000410 0.002050  103.0 00.00000 001.00000 
383 44841-06619 1 0.004700 0.024000  276.0 00.50000 018.00000 
384 44900-06625 1 0.003096 0.018580  318.0 00.50000 018.00000 
385 44900-06625 2 0.004645 0.027870  318.0 00.50000 018.00000 
386 44900-44914 1 0.014261 0.085576  318.0 00.50000 018.00000 
387 44925-06652 1 0.009200 0.057500  383.0 00.00000 001.00000 
388 44925-06652 2 0.010000 0.060000  284.0 00.00000 001.00000 
389 46942-07740 1 0.020300 0.105190  243.0 00.50000 018.00000 
390 46942-07808 1 0.021600 0.115200  243.0 00.50000 018.00000 
391 46942-07904 1 0.006246 0.049027  350.0 00.50000 018.00000 
392 46942-07904 2 0.006246 0.049027  350.0 00.50000 018.00000 
393 47120-09261 1 0.002100 0.010450  270.0 00.50000 018.00000 
394 47120-09261 2 0.002100 0.010450  270.0 00.50000 018.00000 
395 47121-08771 1 0.000991 0.017571 3305.0 00.00000 001.00000 
396 47121-08771 2 0.000991 0.017571 3305.0 00.00000 001.00000 
397 47121-47120 1 0.000001 0.014300  700.0 00.02000 150.00000 
398 47121-47120 2 0.000001 0.014300  700.0 00.02000 150.00000 
399 47121-50213 1 0.002250 0.028290 3921.0 00.30000 020.00000 
400 47121-50213 2 0.002250 0.028290 3921.0 00.30000 020.00000 
401 50211-07850 1 0.000001 0.000100  817.0 00.50000 018.00000 
402 50211-09002 1 0.011500 0.055900  817.0 00.50000 018.00000 
403 50211-50220 1 0.021400 0.100200  817.0 00.50000 018.00000 
404 50212-50215 1 0.000001 0.014300  672.0 00.02000 150.00000 
405 50212-50215 2 0.000001 0.014300  672.0 00.02000 150.00000 
406 50213-07752 1 0.000360 0.004600 3921.0 00.30000 020.00000 
407 50213-07752 2 0.000360 0.004600 3921.0 00.30000 020.00000 
408 50213-07753 1 0.002560 0.032200 3921.0 00.30000 020.00000 
409 50213-07753 2 0.002560 0.032200 3921.0 00.30000 020.00000 
410 50213-50212 1 0.001590 0.020000 3921.0 00.30000 020.00000 
411 50213-50214 1 0.000001 0.014300  672.0 00.02000 150.00000 
412 50213-50214 2 0.000001 0.014300  672.0 00.02000 150.00000 
413 50214-07921 1 0.003830 0.018600  528.0 00.50000 018.00000 
414 50214-09120 1 0.001340 0.012110  687.0 00.50000 018.00000 
415 50214-09120 2 0.001340 0.012110  687.0 00.50000 018.00000 
416 50215-09350 1 0.005750 0.028000  817.0 00.50000 018.00000 
417 50216-07924 1 0.007520 0.036500  817.0 00.50000 018.00000 
418 50216-09098 1 0.000898 0.004474  400.0 00.00000 001.00000 
419 50216-09192 1 0.000898 0.004474  400.0 00.50000 018.00000 
420 50220-07922 1 0.022050 0.179100  441.0 00.50000 018.00000 
421 50220-07922 2 0.022050 0.179100  441.0 00.50000 018.00000 
422 50220-09184 1 0.000550 0.004478  441.0 00.50000 018.00000 
423 50220-09184 2 0.000550 0.004478  441.0 00.50000 018.00000 
424 51001-09350 1 0.003548 0.016473  319.0 00.50000 018.00000 
425 51002-51004 1 0.000118 0.000276  362.0 00.50000 018.00000 
426 51003-09210 1 0.000370 0.001780  336.0 00.50000 018.00000 
427 51004-51003 1 0.000118 0.000276  362.0 00.50000 018.00000 
428 51457-09230 1 0.023485 0.116340  270.0 00.50000 018.00000 
429 51457-47120 1 0.015140 0.102700  494.0 00.50000 018.00000 
430 51693-07923 1 0.010200 0.056700  354.0 00.50000 018.00000 
431 06710-06754 1 0.000001 0.012000  672.0 00.02000 150.00000 
432 06710-06754 2 0.000001 0.012000  672.0 00.02000 150.00000 
433 06710-06754 3 0.000001 0.012000  672.0 00.02000 150.00000 
434 06627-06628 1 0.000001 0.012100  600.0 00.02000 150.00000 
435 06627-06628 2 0.000001 0.012100  600.0 00.02000 150.00000 
436 06627-06628 3 0.000001 0.012100  600.0 00.02000 150.00000 
437 06625-06626 1 0.000001 0.012700  600.0 00.02000 150.00000 
438 06625-06626 2 0.000001 0.012300  600.0 00.02000 150.00000 
439 06625-06626 3 0.000001 0.012300  600.0 00.02000 150.00000 
440 07299-07300 1 0.000001 0.012100  672.0 00.02000 150.00000 
441 07015-07020 1 0.000320 0.012600  672.0 00.02000 150.00000 
442 07015-07020 2 0.000320 0.012600  672.0 00.02000 150.00000 
443 07015-07020 3 0.000320 0.012600  672.0 00.02000 150.00000 
444 07733-07734 1 0.000320 0.012590  672.0 00.02000 150.00000 
445 07733-07734 2 0.000320 0.012600  672.0 00.02000 150.00000 
446 07733-07734 3 0.000240 0.012720  672.0 00.02000 150.00000 
447 07723-07736 1 0.000150 0.012380  672.0 00.02000 150.00000 
448 07723-07736 2 0.000420 0.012320  672.0 00.02000 150.00000 
449 07723-07736 3 0.000420 0.012280  672.0 00.02000 150.00000 
450 07751-09060 1 0.000180 0.012110  672.0 00.02000 150.00000 
451 07751-09060 2 0.000240 0.012360  672.0 00.02000 150.00000 
452 07751-09060 3 0.000310 0.012910  672.0 00.02000 150.00000 
453 07732-07739 1 0.000320 0.012820  672.0 00.02000 150.00000 
454 07732-07739 2 0.000310 0.012850  672.0 00.02000 150.00000 
455 07732-07739 3 0.000310 0.012850  672.0 00.02000 150.00000 
456 07750-09110 1 0.000300 0.013450  672.0 00.02000 150.00000 
457 07750-09110 2 0.000390 0.012550  672.0 00.02000 150.00000 
458 07750-09110 3 0.000360 0.013410  672.0 00.02000 150.00000 
459 07750-09110 4 0.000200 0.011680  672.0 00.02000 150.00000 
460 07740-07741 1 0.000440 0.019870  672.0 00.02000 150.00000 
461 07740-07741 2 0.000440 0.018980  672.0 00.02000 150.00000 
462 07740-07741 3 0.000440 0.018980  672.0 00.02000 150.00000 
463 07752-07921 1 0.000200 0.012340  672.0 00.02000 150.00000 
464 07752-07921 2 0.000440 0.011740  672.0 00.02000 150.00000 
465 07752-07921 3 0.000200 0.012350  672.0 00.02000 150.00000 
466 07752-07921 4 0.000200 0.012340  672.0 00.02000 150.00000 
467 07765-07922 1 0.000160 0.012120  672.0 00.02000 150.00000 
468 07765-07922 2 0.000160 0.012120  672.0 00.02000 150.00000 
469 07765-07922 3 0.000230 0.012940  672.0 00.02000 150.00000 
470 07762-07763 1 0.000390 0.012710  672.0 00.02000 150.00000 
471 07762-07763 2 0.000160 0.012190  672.0 00.02000 150.00000 
472 07762-07763 3 0.000390 0.012710  672.0 00.02000 150.00000 
473 07762-07763 4 0.000390 0.012710  672.0 00.02000 150.00000 
474 07748-07749 1 0.000310 0.012660  672.0 00.02000 150.00000 
475 07713-46942 1 0.000320 0.012600  672.0 00.02000 150.00000 
476 07713-46942 2 0.000320 0.012600  672.0 00.02000 150.00000 
477 07712-07903 1 0.000320 0.012600  672.0 00.02000 150.00000 
478 07712-07903 2 0.000320 0.012600  672.0 00.02000 150.00000 
479 07711-07980 1 0.000320 0.012600  672.0 00.02000 150.00000 
480 07711-07980 2 0.000320 0.012600  672.0 00.02000 150.00000 
481 07711-07980 3 0.000320 0.012600  672.0 00.02000 150.00000 
482 06754-06602 1 0.013000 0.077600  320.0 00.50000 018.00000 
483 06754-06602 2 0.013000 0.077600  320.0 00.50000 018.00000 
484 07749-07024 1 0.006624 0.052054  408.0 00.50000 018.00000 
485 07903-07731 1 0.000960 0.007544  408.0 00.50000 018.00000 
486 07903-07731 2 0.000960 0.007544  408.0 00.50000 018.00000 
487 07980-07794 1 0.001680 0.013202  408.0 00.50000 018.00000 
488 07980-07794 2 0.001680 0.013202  408.0 00.50000 018.00000 
489 07024-06763 1 0.008549 0.041620  408.0 00.50000 018.00000 
###